#VESTA_FORMAT_VERSION 3.5.4


MOLECULE

TITLE
XYZ file

IMPORT_STRUCTURE
metropolis.xyz

GROUP
1 1 Custom
SYMOP
 0.000000  0.000000  0.000000  1  0  0   0  1  0   0  0  1   1
 -1.0 -1.0 -1.0  0 0 0  0 0 0  0 0 0
TRANM 0
 0.000000  0.000000  0.000000  1  0  0   0  1  0   0  0  1
LTRANSL
 -1
 0.000000  0.000000  0.000000  0.000000  0.000000  0.000000
LORIENT
 -1   0   0   0   0
 1.000000  0.000000  0.000000  1.000000  0.000000  0.000000
 0.000000  0.000000  1.000000  0.000000  0.000000  1.000000
LMATRIX
 1.000000  0.000000  0.000000  0.000000
 0.000000  1.000000  0.000000  0.000000
 0.000000  0.000000  1.000000  0.000000
 0.000000  0.000000  0.000000  1.000000
 0.000000  0.000000  0.000000
SHAPE
  0       0       0       0   0.000000  0   192   192   192   192
BOUND
       0        1         0        1         0        1
  0   0   0   0  0
SBOND
  1    He    Li    0.00000    7.00000  0  1  1  0  1  0.100  5.000   0  64  64
  2    He    He    0.00000    7.00000  0  1  1  0  1  0.100  5.000 127 127 127
  0 0 0 0
SITET
  1        Li1  1.5700 134 224 116 134 224 116 204  0
  2        He1  1.2200 166   0 166 252 232 206 204  0
  3        He2  1.2200 166   0 166 252 232 206 204  0
  4        He3  1.2200 166   0 166 252 232 206 204  0
  0 0 0 0 0 0
VECTR
 0 0 0 0 0
VECTT
 0 0 0 0 0
SPLAN
  0   0   0   0
LBLAT
 -1
LBLSP
 -1
DLATM
 -1
DLBND
 -1
DLPLY
 -1
PLN2D
  0   0   0   0
ATOMT
  1         Li  1.5700 134 224 116 134 224 116 204
  2         He  1.2200 166   0 166 252 232 206 204
  0 0 0 0 0 0
SCENE
-0.831191 -0.154603 -0.534060  0.000000
-0.118886 -0.888923  0.442360  0.000000
-0.543128  0.431178  0.720484  0.000000
 0.000000  0.000000  0.000000  1.000000
 -0.039   0.025
  0.000
  0.746
HBOND 0 2

STYLE
DISPF 39850946
MODEL   0  1  0
SURFS   0  1  1
SECTS  32  1
FORMS   0  1
ATOMS   0  0  1
BONDS   1
POLYS   1
VECTS 1.000000
FORMP
  1  1.0   0   0   0
ATOMP
 24  24   0  50  2.0   0
BONDP
  4  16  0.100  5.000 127 127 127
POLYP
 204 1  1.000 180 180 180
ISURF
  0   0   0   0
TEX3P
  1  0.00000E+00  1.00000E+00
SECTP
  1  0.00000E+00  1.00000E+00  0.00000E+00  0.00000E+00  0.00000E+00  0.00000E+00
CONTR
 0.1 -1 1 1 10 -1 2 5
 2 1 2 1
   0   0   0
   0   0   0
   0   0   0
   0   0   0
HKLPP
 192 1  1.000 255   0 255
UCOLP
   0   0  1.000   0   0   0
COMPS 0
LABEL 1    12  1.000 0
PROJT 1  0.658
BKGRC
 255 255 255
DPTHQ 1  0.0000  1.0000
LIGHT0 1
 0.996108  0.086346  0.017697  0.000000
-0.085275  0.994878 -0.054285  0.000000
-0.022294  0.052565  0.998369  0.000000
 0.000000  0.000000  0.000000  1.000000
 0.000000  0.000000 20.000000  0.000000
 0.000000  0.000000 -1.000000
  26  26  26 255
 179 179 179 255
 255 255 255 255
LIGHT1
 1.000000  0.000000  0.000000  0.000000
 0.000000  1.000000  0.000000  0.000000
 0.000000  0.000000  1.000000  0.000000
 0.000000  0.000000  0.000000  1.000000
 0.000000  0.000000 20.000000  0.000000
 0.000000  0.000000 -1.000000
   0   0   0   0
   0   0   0   0
   0   0   0   0
LIGHT2
 1.000000  0.000000  0.000000  0.000000
 0.000000  1.000000  0.000000  0.000000
 0.000000  0.000000  1.000000  0.000000
 0.000000  0.000000  0.000000  1.000000
 0.000000  0.000000 20.000000  0.000000
 0.000000  0.000000 -1.000000
   0   0   0   0
   0   0   0   0
   0   0   0   0
LIGHT3
 1.000000  0.000000  0.000000  0.000000
 0.000000  1.000000  0.000000  0.000000
 0.000000  0.000000  1.000000  0.000000
 0.000000  0.000000  0.000000  1.000000
 0.000000  0.000000 20.000000  0.000000
 0.000000  0.000000 -1.000000
   0   0   0   0
   0   0   0   0
   0   0   0   0
SECCL 0

TEXCL 0

ATOMM
 204 204 204 255
  26.880
BONDM
 255 255 255 255
 128.000
POLYM
 255 255 255 255
 128.000
SURFM
   0   0   0 255
 128.000
FORMM
 255 255 255 255
 128.000
HKLPM
 255 255 255 255
 128.000
